x ,	 y, 	 r 
61 , 83 , 623666967.1875
62 , 83 , 1057062656.25
63 , 83 , 1469317092.1875
64 , 83 , 1860430275.0
65 , 83 , 803367618.75
200 , 83 , 803367618.75
201 , 83 , 1860430275.0
202 , 83 , 1469317092.1875
203 , 83 , 1057062656.25
204 , 83 , 623666967.1875
61 , 84 , 1057062656.25
62 , 84 , 2494667868.75
63 , 84 , 4228250625.0
64 , 84 , 5877268368.75
65 , 84 , 2706080400.0
66 , 84 , 1099345162.5
199 , 84 , 1099345162.5
200 , 84 , 2706080400.0
201 , 84 , 5877268368.75
202 , 84 , 4228250625.0
203 , 84 , 2494667868.75
204 , 84 , 1057062656.25
61 , 85 , 1469317092.1875
62 , 85 , 4228250625.0
63 , 85 , 6934331025.0
64 , 85 , 9555846412.5
65 , 85 , 5084471376.5625
66 , 85 , 3498877392.1875
199 , 85 , 3498877392.1875
200 , 85 , 5084471376.5625
201 , 85 , 9555846412.5
202 , 85 , 6934331025.0
203 , 85 , 4228250625.0
204 , 85 , 1469317092.1875
61 , 86 , 1860430275.0
62 , 86 , 5877268368.75
63 , 86 , 9555846412.5
64 , 86 , 13149859443.75
65 , 86 , 7441721100.0
66 , 86 , 5877268368.75
199 , 86 , 5877268368.75
200 , 86 , 7441721100.0
201 , 86 , 13149859443.75
202 , 86 , 9555846412.5
203 , 86 , 5877268368.75
204 , 86 , 1860430275.0
61 , 87 , 803367618.75
62 , 87 , 2706080400.0
63 , 87 , 5084471376.5625
64 , 87 , 7441721100.0
65 , 87 , 4492516289.0625
66 , 87 , 4164826865.625
199 , 87 , 4164826865.625
200 , 87 , 4492516289.0625
201 , 87 , 7441721100.0
202 , 87 , 5084471376.5625
203 , 87 , 2706080400.0
204 , 87 , 803367618.75
62 , 88 , 1099345162.5
63 , 88 , 3498877392.1875
64 , 88 , 5877268368.75
65 , 88 , 4164826865.625
66 , 88 , 5285313281.25
199 , 88 , 5285313281.25
200 , 88 , 4164826865.625
201 , 88 , 5877268368.75
202 , 88 , 3498877392.1875
203 , 88 , 1099345162.5
199 , 132 , 5285313281.25
200 , 132 , 4164826865.625
201 , 132 , 8498783756.25
202 , 132 , 8498783756.25
203 , 132 , 8498783756.25
204 , 132 , 4164826865.625
205 , 132 , 5285313281.25
138 , 133 , 623666967.1875
139 , 133 , 1057062656.25
140 , 133 , 1469317092.1875
141 , 133 , 1860430275.0
142 , 133 , 803367618.75
199 , 133 , 4164826865.625
200 , 133 , 3287464860.9375
201 , 133 , 6934331025.0
202 , 133 , 6934331025.0
203 , 133 , 6934331025.0
204 , 133 , 3287464860.9375
205 , 133 , 4164826865.625
308 , 133 , 803367618.75
309 , 133 , 1860430275.0
310 , 133 , 1469317092.1875
311 , 133 , 1057062656.25
312 , 133 , 623666967.1875
138 , 134 , 1057062656.25
139 , 134 , 2494667868.75
140 , 134 , 4228250625.0
141 , 134 , 5877268368.75
142 , 134 , 2706080400.0
143 , 134 , 1099345162.5
199 , 134 , 8498783756.25
200 , 134 , 6934331025.0
201 , 134 , 14206922100.0
202 , 134 , 14206922100.0
203 , 134 , 14206922100.0
204 , 134 , 6934331025.0
205 , 134 , 8498783756.25
307 , 134 , 1099345162.5
308 , 134 , 2706080400.0
309 , 134 , 5877268368.75
310 , 134 , 4228250625.0
311 , 134 , 2494667868.75
312 , 134 , 1057062656.25
138 , 135 , 1469317092.1875
139 , 135 , 4228250625.0
140 , 135 , 6934331025.0
141 , 135 , 9555846412.5
142 , 135 , 5084471376.5625
143 , 135 , 3498877392.1875
199 , 135 , 8498783756.25
200 , 135 , 6934331025.0
201 , 135 , 14206922100.0
202 , 135 , 14206922100.0
203 , 135 , 14206922100.0
204 , 135 , 6934331025.0
205 , 135 , 8498783756.25
307 , 135 , 3498877392.1875
308 , 135 , 5084471376.5625
309 , 135 , 9555846412.5
310 , 135 , 6934331025.0
311 , 135 , 4228250625.0
312 , 135 , 1469317092.1875
138 , 136 , 1860430275.0
139 , 136 , 5877268368.75
140 , 136 , 9555846412.5
141 , 136 , 13149859443.75
142 , 136 , 7441721100.0
143 , 136 , 5877268368.75
199 , 136 , 8498783756.25
200 , 136 , 6934331025.0
201 , 136 , 14206922100.0
202 , 136 , 14206922100.0
203 , 136 , 14206922100.0
204 , 136 , 6934331025.0
205 , 136 , 8498783756.25
307 , 136 , 5877268368.75
308 , 136 , 7441721100.0
309 , 136 , 13149859443.75
310 , 136 , 9555846412.5
311 , 136 , 5877268368.75
312 , 136 , 1860430275.0
138 , 137 , 803367618.75
139 , 137 , 2706080400.0
140 , 137 , 5084471376.5625
141 , 137 , 7441721100.0
142 , 137 , 4492516289.0625
143 , 137 , 4164826865.625
199 , 137 , 4164826865.625
200 , 137 , 3287464860.9375
201 , 137 , 6934331025.0
202 , 137 , 6934331025.0
203 , 137 , 6934331025.0
204 , 137 , 3287464860.9375
205 , 137 , 4164826865.625
307 , 137 , 4164826865.625
308 , 137 , 4492516289.0625
309 , 137 , 7441721100.0
310 , 137 , 5084471376.5625
311 , 137 , 2706080400.0
312 , 137 , 803367618.75
139 , 138 , 1099345162.5
140 , 138 , 3498877392.1875
141 , 138 , 5877268368.75
142 , 138 , 4164826865.625
143 , 138 , 5285313281.25
199 , 138 , 5285313281.25
200 , 138 , 4164826865.625
201 , 138 , 8498783756.25
202 , 138 , 8498783756.25
203 , 138 , 8498783756.25
204 , 138 , 4164826865.625
205 , 138 , 5285313281.25
307 , 138 , 5285313281.25
308 , 138 , 4164826865.625
309 , 138 , 5877268368.75
310 , 138 , 3498877392.1875
311 , 138 , 1099345162.5
62 , 174 , 1099345162.5
63 , 174 , 3498877392.1875
64 , 174 , 5877268368.75
65 , 174 , 4164826865.625
66 , 174 , 5285313281.25
137 , 174 , 5285313281.25
138 , 174 , 4164826865.625
139 , 174 , 8498783756.25
140 , 174 , 8498783756.25
141 , 174 , 8498783756.25
142 , 174 , 4164826865.625
143 , 174 , 5285313281.25
199 , 174 , 5285313281.25
200 , 174 , 4164826865.625
201 , 174 , 5877268368.75
202 , 174 , 3498877392.1875
203 , 174 , 1099345162.5
61 , 175 , 803367618.75
62 , 175 , 2706080400.0
63 , 175 , 5084471376.5625
64 , 175 , 7441721100.0
65 , 175 , 4492516289.0625
66 , 175 , 4164826865.625
137 , 175 , 4164826865.625
138 , 175 , 3287464860.9375
139 , 175 , 6934331025.0
140 , 175 , 6934331025.0
141 , 175 , 6934331025.0
142 , 175 , 3287464860.9375
143 , 175 , 4164826865.625
199 , 175 , 4164826865.625
200 , 175 , 4492516289.0625
201 , 175 , 7441721100.0
202 , 175 , 5084471376.5625
203 , 175 , 2706080400.0
204 , 175 , 803367618.75
61 , 176 , 1860430275.0
62 , 176 , 5877268368.75
63 , 176 , 9555846412.5
64 , 176 , 13149859443.75
65 , 176 , 7441721100.0
66 , 176 , 5877268368.75
137 , 176 , 8498783756.25
138 , 176 , 6934331025.0
139 , 176 , 14206922100.0
140 , 176 , 14206922100.0
141 , 176 , 14206922100.0
142 , 176 , 6934331025.0
143 , 176 , 8498783756.25
199 , 176 , 5877268368.75
200 , 176 , 7441721100.0
201 , 176 , 13149859443.75
202 , 176 , 9555846412.5
203 , 176 , 5877268368.75
204 , 176 , 1860430275.0
61 , 177 , 1469317092.1875
62 , 177 , 4228250625.0
63 , 177 , 6934331025.0
64 , 177 , 9555846412.5
65 , 177 , 5084471376.5625
66 , 177 , 3498877392.1875
137 , 177 , 8498783756.25
138 , 177 , 6934331025.0
139 , 177 , 14206922100.0
140 , 177 , 14206922100.0
141 , 177 , 14206922100.0
142 , 177 , 6934331025.0
143 , 177 , 8498783756.25
199 , 177 , 3498877392.1875
200 , 177 , 5084471376.5625
201 , 177 , 9555846412.5
202 , 177 , 6934331025.0
203 , 177 , 4228250625.0
204 , 177 , 1469317092.1875
61 , 178 , 1057062656.25
62 , 178 , 2494667868.75
63 , 178 , 4228250625.0
64 , 178 , 5877268368.75
65 , 178 , 2706080400.0
66 , 178 , 1099345162.5
137 , 178 , 8498783756.25
138 , 178 , 6934331025.0
139 , 178 , 14206922100.0
140 , 178 , 14206922100.0
141 , 178 , 14206922100.0
142 , 178 , 6934331025.0
143 , 178 , 8498783756.25
199 , 178 , 1099345162.5
200 , 178 , 2706080400.0
201 , 178 , 5877268368.75
202 , 178 , 4228250625.0
203 , 178 , 2494667868.75
204 , 178 , 1057062656.25
61 , 179 , 623666967.1875
62 , 179 , 1057062656.25
63 , 179 , 1469317092.1875
64 , 179 , 1860430275.0
65 , 179 , 803367618.75
137 , 179 , 4164826865.625
138 , 179 , 3287464860.9375
139 , 179 , 6934331025.0
140 , 179 , 6934331025.0
141 , 179 , 6934331025.0
142 , 179 , 3287464860.9375
143 , 179 , 4164826865.625
200 , 179 , 803367618.75
201 , 179 , 1860430275.0
202 , 179 , 1469317092.1875
203 , 179 , 1057062656.25
204 , 179 , 623666967.1875
137 , 180 , 5285313281.25
138 , 180 , 4164826865.625
139 , 180 , 8498783756.25
140 , 180 , 8498783756.25
141 , 180 , 8498783756.25
142 , 180 , 4164826865.625
143 , 180 , 5285313281.25
137 , 246 , 5285313281.25
138 , 246 , 4164826865.625
139 , 246 , 8498783756.25
140 , 246 , 8498783756.25
141 , 246 , 8498783756.25
142 , 246 , 4164826865.625
143 , 246 , 5285313281.25
97 , 247 , 623666967.1875
98 , 247 , 1057062656.25
99 , 247 , 1469317092.1875
100 , 247 , 1860430275.0
101 , 247 , 803367618.75
137 , 247 , 4164826865.625
138 , 247 , 3287464860.9375
139 , 247 , 6934331025.0
140 , 247 , 6934331025.0
141 , 247 , 6934331025.0
142 , 247 , 3287464860.9375
143 , 247 , 4164826865.625
240 , 247 , 803367618.75
241 , 247 , 1860430275.0
242 , 247 , 1469317092.1875
243 , 247 , 1057062656.25
244 , 247 , 623666967.1875
97 , 248 , 1057062656.25
98 , 248 , 2494667868.75
99 , 248 , 4228250625.0
100 , 248 , 5877268368.75
101 , 248 , 2706080400.0
102 , 248 , 1099345162.5
137 , 248 , 8498783756.25
138 , 248 , 6934331025.0
139 , 248 , 14206922100.0
140 , 248 , 14206922100.0
141 , 248 , 14206922100.0
142 , 248 , 6934331025.0
143 , 248 , 8498783756.25
239 , 248 , 1099345162.5
240 , 248 , 2706080400.0
241 , 248 , 5877268368.75
242 , 248 , 4228250625.0
243 , 248 , 2494667868.75
244 , 248 , 1057062656.25
97 , 249 , 1469317092.1875
98 , 249 , 4228250625.0
99 , 249 , 6934331025.0
100 , 249 , 9555846412.5
101 , 249 , 5084471376.5625
102 , 249 , 3498877392.1875
137 , 249 , 8498783756.25
138 , 249 , 6934331025.0
139 , 249 , 14206922100.0
140 , 249 , 14206922100.0
141 , 249 , 14206922100.0
142 , 249 , 6934331025.0
143 , 249 , 8498783756.25
239 , 249 , 3498877392.1875
240 , 249 , 5084471376.5625
241 , 249 , 9555846412.5
242 , 249 , 6934331025.0
243 , 249 , 4228250625.0
244 , 249 , 1469317092.1875
97 , 250 , 1860430275.0
98 , 250 , 5877268368.75
99 , 250 , 9555846412.5
100 , 250 , 13149859443.75
101 , 250 , 7441721100.0
102 , 250 , 5877268368.75
137 , 250 , 8498783756.25
138 , 250 , 6934331025.0
139 , 250 , 14206922100.0
140 , 250 , 14206922100.0
141 , 250 , 14206922100.0
142 , 250 , 6934331025.0
143 , 250 , 8498783756.25
239 , 250 , 5877268368.75
240 , 250 , 7441721100.0
241 , 250 , 13149859443.75
242 , 250 , 9555846412.5
243 , 250 , 5877268368.75
244 , 250 , 1860430275.0
307 , 250 , 5285313281.25
308 , 250 , 4164826865.625
309 , 250 , 8498783756.25
310 , 250 , 8498783756.25
311 , 250 , 8498783756.25
312 , 250 , 4164826865.625
313 , 250 , 5285313281.25
97 , 251 , 803367618.75
98 , 251 , 2706080400.0
99 , 251 , 5084471376.5625
100 , 251 , 7441721100.0
101 , 251 , 4492516289.0625
102 , 251 , 4164826865.625
137 , 251 , 4164826865.625
138 , 251 , 3287464860.9375
139 , 251 , 6934331025.0
140 , 251 , 6934331025.0
141 , 251 , 6934331025.0
142 , 251 , 3287464860.9375
143 , 251 , 4164826865.625
239 , 251 , 4164826865.625
240 , 251 , 4492516289.0625
241 , 251 , 7441721100.0
242 , 251 , 5084471376.5625
243 , 251 , 2706080400.0
244 , 251 , 803367618.75
272 , 251 , 623666967.1875
273 , 251 , 1057062656.25
274 , 251 , 1469317092.1875
275 , 251 , 1860430275.0
276 , 251 , 803367618.75
307 , 251 , 4164826865.625
308 , 251 , 3287464860.9375
309 , 251 , 6934331025.0
310 , 251 , 6934331025.0
311 , 251 , 6934331025.0
312 , 251 , 3287464860.9375
313 , 251 , 4164826865.625
347 , 251 , 803367618.75
348 , 251 , 1860430275.0
349 , 251 , 1469317092.1875
350 , 251 , 1057062656.25
351 , 251 , 623666967.1875
98 , 252 , 1099345162.5
99 , 252 , 3498877392.1875
100 , 252 , 5877268368.75
101 , 252 , 4164826865.625
102 , 252 , 5285313281.25
137 , 252 , 5285313281.25
138 , 252 , 4164826865.625
139 , 252 , 8498783756.25
140 , 252 , 8498783756.25
141 , 252 , 8498783756.25
142 , 252 , 4164826865.625
143 , 252 , 5285313281.25
239 , 252 , 5285313281.25
240 , 252 , 4164826865.625
241 , 252 , 5877268368.75
242 , 252 , 3498877392.1875
243 , 252 , 1099345162.5
272 , 252 , 1057062656.25
273 , 252 , 2494667868.75
274 , 252 , 4228250625.0
275 , 252 , 5877268368.75
276 , 252 , 2706080400.0
277 , 252 , 1099345162.5
307 , 252 , 8498783756.25
308 , 252 , 6934331025.0
309 , 252 , 14206922100.0
310 , 252 , 14206922100.0
311 , 252 , 14206922100.0
312 , 252 , 6934331025.0
313 , 252 , 8498783756.25
346 , 252 , 1099345162.5
347 , 252 , 2706080400.0
348 , 252 , 5877268368.75
349 , 252 , 4228250625.0
350 , 252 , 2494667868.75
351 , 252 , 1057062656.25
272 , 253 , 1469317092.1875
273 , 253 , 4228250625.0
274 , 253 , 6934331025.0
275 , 253 , 9555846412.5
276 , 253 , 5084471376.5625
277 , 253 , 3498877392.1875
307 , 253 , 8498783756.25
308 , 253 , 6934331025.0
309 , 253 , 14206922100.0
310 , 253 , 14206922100.0
311 , 253 , 14206922100.0
312 , 253 , 6934331025.0
313 , 253 , 8498783756.25
346 , 253 , 3498877392.1875
347 , 253 , 5084471376.5625
348 , 253 , 9555846412.5
349 , 253 , 6934331025.0
350 , 253 , 4228250625.0
351 , 253 , 1469317092.1875
272 , 254 , 1860430275.0
273 , 254 , 5877268368.75
274 , 254 , 9555846412.5
275 , 254 , 13149859443.75
276 , 254 , 7441721100.0
277 , 254 , 5877268368.75
307 , 254 , 8498783756.25
308 , 254 , 6934331025.0
309 , 254 , 14206922100.0
310 , 254 , 14206922100.0
311 , 254 , 14206922100.0
312 , 254 , 6934331025.0
313 , 254 , 8498783756.25
346 , 254 , 5877268368.75
347 , 254 , 7441721100.0
348 , 254 , 13149859443.75
349 , 254 , 9555846412.5
350 , 254 , 5877268368.75
351 , 254 , 1860430275.0
272 , 255 , 803367618.75
273 , 255 , 2706080400.0
274 , 255 , 5084471376.5625
275 , 255 , 7441721100.0
276 , 255 , 4492516289.0625
277 , 255 , 4164826865.625
307 , 255 , 4164826865.625
308 , 255 , 3287464860.9375
309 , 255 , 6934331025.0
310 , 255 , 6934331025.0
311 , 255 , 6934331025.0
312 , 255 , 3287464860.9375
313 , 255 , 4164826865.625
346 , 255 , 4164826865.625
347 , 255 , 4492516289.0625
348 , 255 , 7441721100.0
349 , 255 , 5084471376.5625
350 , 255 , 2706080400.0
351 , 255 , 803367618.75
273 , 256 , 1099345162.5
274 , 256 , 3498877392.1875
275 , 256 , 5877268368.75
276 , 256 , 4164826865.625
277 , 256 , 5285313281.25
307 , 256 , 5285313281.25
308 , 256 , 4164826865.625
309 , 256 , 8498783756.25
310 , 256 , 8498783756.25
311 , 256 , 8498783756.25
312 , 256 , 4164826865.625
313 , 256 , 5285313281.25
346 , 256 , 5285313281.25
347 , 256 , 4164826865.625
348 , 256 , 5877268368.75
349 , 256 , 3498877392.1875
350 , 256 , 1099345162.5
139 , 282 , 1099345162.5
140 , 282 , 3498877392.1875
141 , 282 , 5877268368.75
142 , 282 , 4164826865.625
143 , 282 , 5285313281.25
239 , 282 , 5285313281.25
240 , 282 , 4164826865.625
241 , 282 , 8498783756.25
242 , 282 , 8498783756.25
243 , 282 , 8498783756.25
244 , 282 , 4164826865.625
245 , 282 , 5285313281.25
271 , 282 , 5285313281.25
272 , 282 , 4164826865.625
273 , 282 , 8498783756.25
274 , 282 , 8498783756.25
275 , 282 , 8498783756.25
276 , 282 , 4164826865.625
277 , 282 , 5285313281.25
307 , 282 , 5285313281.25
308 , 282 , 4164826865.625
309 , 282 , 5877268368.75
310 , 282 , 3498877392.1875
311 , 282 , 1099345162.5
138 , 283 , 803367618.75
139 , 283 , 2706080400.0
140 , 283 , 5084471376.5625
141 , 283 , 7441721100.0
142 , 283 , 4492516289.0625
143 , 283 , 4164826865.625
239 , 283 , 4164826865.625
240 , 283 , 3287464860.9375
241 , 283 , 6934331025.0
242 , 283 , 6934331025.0
243 , 283 , 6934331025.0
244 , 283 , 3287464860.9375
245 , 283 , 4164826865.625
271 , 283 , 4164826865.625
272 , 283 , 3287464860.9375
273 , 283 , 6934331025.0
274 , 283 , 6934331025.0
275 , 283 , 6934331025.0
276 , 283 , 3287464860.9375
277 , 283 , 4164826865.625
307 , 283 , 4164826865.625
308 , 283 , 4492516289.0625
309 , 283 , 7441721100.0
310 , 283 , 5084471376.5625
311 , 283 , 2706080400.0
312 , 283 , 803367618.75
138 , 284 , 1860430275.0
139 , 284 , 5877268368.75
140 , 284 , 9555846412.5
141 , 284 , 13149859443.75
142 , 284 , 7441721100.0
143 , 284 , 5877268368.75
239 , 284 , 8498783756.25
240 , 284 , 6934331025.0
241 , 284 , 14206922100.0
242 , 284 , 14206922100.0
243 , 284 , 14206922100.0
244 , 284 , 6934331025.0
245 , 284 , 8498783756.25
271 , 284 , 8498783756.25
272 , 284 , 6934331025.0
273 , 284 , 14206922100.0
274 , 284 , 14206922100.0
275 , 284 , 14206922100.0
276 , 284 , 6934331025.0
277 , 284 , 8498783756.25
307 , 284 , 5877268368.75
308 , 284 , 7441721100.0
309 , 284 , 13149859443.75
310 , 284 , 9555846412.5
311 , 284 , 5877268368.75
312 , 284 , 1860430275.0
138 , 285 , 1469317092.1875
139 , 285 , 4228250625.0
140 , 285 , 6934331025.0
141 , 285 , 9555846412.5
142 , 285 , 5084471376.5625
143 , 285 , 3498877392.1875
239 , 285 , 8498783756.25
240 , 285 , 6934331025.0
241 , 285 , 14206922100.0
242 , 285 , 14206922100.0
243 , 285 , 14206922100.0
244 , 285 , 6934331025.0
245 , 285 , 8498783756.25
271 , 285 , 8498783756.25
272 , 285 , 6934331025.0
273 , 285 , 14206922100.0
274 , 285 , 14206922100.0
275 , 285 , 14206922100.0
276 , 285 , 6934331025.0
277 , 285 , 8498783756.25
307 , 285 , 3498877392.1875
308 , 285 , 5084471376.5625
309 , 285 , 9555846412.5
310 , 285 , 6934331025.0
311 , 285 , 4228250625.0
312 , 285 , 1469317092.1875
138 , 286 , 1057062656.25
139 , 286 , 2494667868.75
140 , 286 , 4228250625.0
141 , 286 , 5877268368.75
142 , 286 , 2706080400.0
143 , 286 , 1099345162.5
239 , 286 , 8498783756.25
240 , 286 , 6934331025.0
241 , 286 , 14206922100.0
242 , 286 , 14206922100.0
243 , 286 , 14206922100.0
244 , 286 , 6934331025.0
245 , 286 , 8498783756.25
271 , 286 , 8498783756.25
272 , 286 , 6934331025.0
273 , 286 , 14206922100.0
274 , 286 , 14206922100.0
275 , 286 , 14206922100.0
276 , 286 , 6934331025.0
277 , 286 , 8498783756.25
307 , 286 , 1099345162.5
308 , 286 , 2706080400.0
309 , 286 , 5877268368.75
310 , 286 , 4228250625.0
311 , 286 , 2494667868.75
312 , 286 , 1057062656.25
138 , 287 , 623666967.1875
139 , 287 , 1057062656.25
140 , 287 , 1469317092.1875
141 , 287 , 1860430275.0
142 , 287 , 803367618.75
239 , 287 , 4164826865.625
240 , 287 , 3287464860.9375
241 , 287 , 6934331025.0
242 , 287 , 6934331025.0
243 , 287 , 6934331025.0
244 , 287 , 3287464860.9375
245 , 287 , 4164826865.625
271 , 287 , 4164826865.625
272 , 287 , 3287464860.9375
273 , 287 , 6934331025.0
274 , 287 , 6934331025.0
275 , 287 , 6934331025.0
276 , 287 , 3287464860.9375
277 , 287 , 4164826865.625
308 , 287 , 803367618.75
309 , 287 , 1860430275.0
310 , 287 , 1469317092.1875
311 , 287 , 1057062656.25
312 , 287 , 623666967.1875
239 , 288 , 5285313281.25
240 , 288 , 4164826865.625
241 , 288 , 8498783756.25
242 , 288 , 8498783756.25
243 , 288 , 8498783756.25
244 , 288 , 4164826865.625
245 , 288 , 5285313281.25
271 , 288 , 5285313281.25
272 , 288 , 4164826865.625
273 , 288 , 8498783756.25
274 , 288 , 8498783756.25
275 , 288 , 8498783756.25
276 , 288 , 4164826865.625
277 , 288 , 5285313281.25
98 , 302 , 1099345162.5
99 , 302 , 3498877392.1875
100 , 302 , 5877268368.75
101 , 302 , 4164826865.625
102 , 302 , 5285313281.25
239 , 302 , 5285313281.25
240 , 302 , 4164826865.625
241 , 302 , 5877268368.75
242 , 302 , 3498877392.1875
243 , 302 , 1099345162.5
97 , 303 , 803367618.75
98 , 303 , 2706080400.0
99 , 303 , 5084471376.5625
100 , 303 , 7441721100.0
101 , 303 , 4492516289.0625
102 , 303 , 4164826865.625
239 , 303 , 4164826865.625
240 , 303 , 4492516289.0625
241 , 303 , 7441721100.0
242 , 303 , 5084471376.5625
243 , 303 , 2706080400.0
244 , 303 , 803367618.75
97 , 304 , 1860430275.0
98 , 304 , 5877268368.75
99 , 304 , 9555846412.5
100 , 304 , 13149859443.75
101 , 304 , 7441721100.0
102 , 304 , 5877268368.75
239 , 304 , 5877268368.75
240 , 304 , 7441721100.0
241 , 304 , 13149859443.75
242 , 304 , 9555846412.5
243 , 304 , 5877268368.75
244 , 304 , 1860430275.0
97 , 305 , 1469317092.1875
98 , 305 , 4228250625.0
99 , 305 , 6934331025.0
100 , 305 , 9555846412.5
101 , 305 , 5084471376.5625
102 , 305 , 3498877392.1875
239 , 305 , 3498877392.1875
240 , 305 , 5084471376.5625
241 , 305 , 9555846412.5
242 , 305 , 6934331025.0
243 , 305 , 4228250625.0
244 , 305 , 1469317092.1875
97 , 306 , 1057062656.25
98 , 306 , 2494667868.75
99 , 306 , 4228250625.0
100 , 306 , 5877268368.75
101 , 306 , 2706080400.0
102 , 306 , 1099345162.5
239 , 306 , 1099345162.5
240 , 306 , 2706080400.0
241 , 306 , 5877268368.75
242 , 306 , 4228250625.0
243 , 306 , 2494667868.75
244 , 306 , 1057062656.25
97 , 307 , 623666967.1875
98 , 307 , 1057062656.25
99 , 307 , 1469317092.1875
100 , 307 , 1860430275.0
101 , 307 , 803367618.75
240 , 307 , 803367618.75
241 , 307 , 1860430275.0
242 , 307 , 1469317092.1875
243 , 307 , 1057062656.25
244 , 307 , 623666967.1875
273 , 324 , 1099345162.5
274 , 324 , 3498877392.1875
275 , 324 , 5877268368.75
276 , 324 , 4164826865.625
277 , 324 , 5285313281.25
346 , 324 , 5285313281.25
347 , 324 , 4164826865.625
348 , 324 , 5877268368.75
349 , 324 , 3498877392.1875
350 , 324 , 1099345162.5
272 , 325 , 803367618.75
273 , 325 , 2706080400.0
274 , 325 , 5084471376.5625
275 , 325 , 7441721100.0
276 , 325 , 4492516289.0625
277 , 325 , 4164826865.625
346 , 325 , 4164826865.625
347 , 325 , 4492516289.0625
348 , 325 , 7441721100.0
349 , 325 , 5084471376.5625
350 , 325 , 2706080400.0
351 , 325 , 803367618.75
272 , 326 , 1860430275.0
273 , 326 , 5877268368.75
274 , 326 , 9555846412.5
275 , 326 , 13149859443.75
276 , 326 , 7441721100.0
277 , 326 , 5877268368.75
346 , 326 , 5877268368.75
347 , 326 , 7441721100.0
348 , 326 , 13149859443.75
349 , 326 , 9555846412.5
350 , 326 , 5877268368.75
351 , 326 , 1860430275.0
272 , 327 , 1469317092.1875
273 , 327 , 4228250625.0
274 , 327 , 6934331025.0
275 , 327 , 9555846412.5
276 , 327 , 5084471376.5625
277 , 327 , 3498877392.1875
346 , 327 , 3498877392.1875
347 , 327 , 5084471376.5625
348 , 327 , 9555846412.5
349 , 327 , 6934331025.0
350 , 327 , 4228250625.0
351 , 327 , 1469317092.1875
272 , 328 , 1057062656.25
273 , 328 , 2494667868.75
274 , 328 , 4228250625.0
275 , 328 , 5877268368.75
276 , 328 , 2706080400.0
277 , 328 , 1099345162.5
346 , 328 , 1099345162.5
347 , 328 , 2706080400.0
348 , 328 , 5877268368.75
349 , 328 , 4228250625.0
350 , 328 , 2494667868.75
351 , 328 , 1057062656.25
272 , 329 , 623666967.1875
273 , 329 , 1057062656.25
274 , 329 , 1469317092.1875
275 , 329 , 1860430275.0
276 , 329 , 803367618.75
347 , 329 , 803367618.75
348 , 329 , 1860430275.0
349 , 329 , 1469317092.1875
350 , 329 , 1057062656.25
351 , 329 , 623666967.1875
